2340743816922348|03|2032|618
2340743816922280|03|2032|618
2340743816926745|03|2032|618
2340743816922421|03|2032|618
2340743816923031|03|2032|618
2340743816923742|03|2032|618
2340743816928840|03|2032|618
2340743816923338|03|2032|618
2340743816920508|03|2032|618
2340743816920300|03|2032|618
2340743816925630|03|2032|618
2340743816925150|03|2032|618
2340743816928782|03|2032|618
2340743816926216|03|2032|618
2340743816924005|03|2032|618
2340743816920441|03|2032|618
2340743816920433|03|2032|618
2340743816926372|03|2032|618
2340743816920607|03|2032|618
2340743816921530|03|2032|618
2340743816927263|03|2032|618
2340743816925713|03|2032|618
2340743816922421|03|2032|618
2340743816924856|03|2032|618
2340743816923213|03|2032|618
2340743816921753|03|2032|618
2340743816920573|03|2032|618
2340743816921126|03|2032|618
2340743816921803|03|2032|618
2340743816924211|03|2032|618
2340743816925556|03|2032|618
2340743816926026|03|2032|618
2340743816926828|03|2032|618
2340743816926521|03|2032|618
2340743816922652|03|2032|618
2340743816926513|03|2032|618
2340743816926240|03|2032|618
2340743816923353|03|2032|618
2340743816928808|03|2032|618
2340743816922421|03|2032|618
2340743816928170|03|2032|618
2340743816924237|03|2032|618
2340743816923866|03|2032|618
2340743816927065|03|2032|618
2340743816924518|03|2032|618
2340743816922181|03|2032|618
2340743816925523|03|2032|618
2340743816923528|03|2032|618
2340743816925861|03|2032|618
2340743816924401|03|2032|618
2340743816926257|03|2032|618
2340743816921753|03|2032|618
2340743816923288|03|2032|618
2340743816922041|03|2032|618
2340743816926851|03|2032|618
2340743816923643|03|2032|618
2340743816924252|03|2032|618
2340743816926505|03|2032|618
2340743816920714|03|2032|618
2340743816928501|03|2032|618
2340743816924021|03|2032|618
2340743816922223|03|2032|618
2340743816925374|03|2032|618
2340743816927321|03|2032|618
2340743816923031|03|2032|618
2340743816927735|03|2032|618
2340743816920813|03|2032|618
2340743816927701|03|2032|618
2340743816923866|03|2032|618
2340743816923551|03|2032|618
2340743816927586|03|2032|618
2340743816928188|03|2032|618
2340743816926877|03|2032|618
2340743816923015|03|2032|618
2340743816921050|03|2032|618
2340743816920300|03|2032|618
2340743816922462|03|2032|618
2340743816923668|03|2032|618
2340743816927362|03|2032|618
2340743816924054|03|2032|618
2340743816925812|03|2032|618
2340743816920060|03|2032|618
2340743816925044|03|2032|618
2340743816920870|03|2032|618
2340743816927370|03|2032|618
2340743816927420|03|2032|618
2340743816924708|03|2032|618
2340743816921373|03|2032|618
2340743816920672|03|2032|618
2340743816924211|03|2032|618
2340743816923007|03|2032|618
2340743816928642|03|2032|618
2340743816922447|03|2032|618
2340743816921712|03|2032|618
2340743816924278|03|2032|618
2340743816926786|03|2032|618
2340743816924872|03|2032|618
2340743816920300|03|2032|618
2340743816922835|03|2032|618
2340743816928311|03|2032|618
2340743816924245|03|2032|618
2340743816921282|03|2032|618
2340743816924682|03|2032|618
2340743816922868|03|2032|618
2340743816922371|03|2032|618
2340743816926471|03|2032|618
2340743816922876|03|2032|618
2340743816926661|03|2032|618
2340743816920458|03|2032|618
2340743816928170|03|2032|618
2340743816924161|03|2032|618
2340743816926547|03|2032|618
2340743816925051|03|2032|618
2340743816922751|03|2032|618
2340743816922231|03|2032|618
2340743816923361|03|2032|618
2340743816920821|03|2032|618
2340743816921571|03|2032|618
2340743816924120|03|2032|618
2340743816921134|03|2032|618
2340743816927552|03|2032|618
2340743816927586|03|2032|618
2340743816927503|03|2032|618
2340743816920144|03|2032|618
2340743816927263|03|2032|618
2340743816926034|03|2032|618
2340743816923288|03|2032|618
2340743816924013|03|2032|618
2340743816923411|03|2032|618
2340743816928550|03|2032|618
2340743816926281|03|2032|618
2340743816925432|03|2032|618
2340743816920730|03|2032|618
2340743816928576|03|2032|618
2340743816920532|03|2032|618
2340743816928568|03|2032|618
2340743816922637|03|2032|618
2340743816925408|03|2032|618
2340743816923726|03|2032|618
2340743816922215|03|2032|618
2340743816923536|03|2032|618
2340743816924864|03|2032|618
2340743816920011|03|2032|618
2340743816923403|03|2032|618
2340743816923841|03|2032|618
2340743816928436|03|2032|618
2340743816923528|03|2032|618
2340743816926265|03|2032|618
2340743816927727|03|2032|618
2340743816927586|03|2032|618
2340743816925325|03|2032|618
2340743816924146|03|2032|618
2340743816921464|03|2032|618
2340743816922827|03|2032|618
2340743816921787|03|2032|618
2340743816921043|03|2032|618
2340743816923486|03|2032|618
2340743816923775|03|2032|618
2340743816928816|03|2032|618
2340743816922843|03|2032|618
2340743816926547|03|2032|618
2340743816920854|03|2032|618
2340743816923056|03|2032|618
2340743816928618|03|2032|618
2340743816920326|03|2032|618
2340743816928162|03|2032|618
2340743816921183|03|2032|618
2340743816922116|03|2032|618
2340743816921217|03|2032|618
2340743816920565|03|2032|618
2340743816928014|03|2032|618
2340743816922330|03|2032|618
2340743816924443|03|2032|618
2340743816927552|03|2032|618
2340743816921647|03|2032|618
2340743816927701|03|2032|618
2340743816924716|03|2032|618
2340743816926281|03|2032|618
2340743816924575|03|2032|618
2340743816927602|03|2032|618
2340743816924203|03|2032|618
2340743816924658|03|2032|618
2340743816926422|03|2032|618
2340743816923064|03|2032|618
2340743816925812|03|2032|618
2340743816922215|03|2032|618
2340743816925226|03|2032|618
2340743816925044|03|2032|618
2340743816925101|03|2032|618
2340743816922637|03|2032|618
2340743816923577|03|2032|618
2340743816920862|03|2032|618
2340743816926638|03|2032|618
2340743816920516|03|2032|618
2340743816920367|03|2032|618
2340743816927537|03|2032|618
2340743816921357|03|2032|618
2340743816925358|03|2032|618
2340743816921738|03|2032|618
2340743816928857|03|2032|618
2340743816927024|03|2032|618
2340743816922512|03|2032|618
2340743816924617|03|2032|618
2340743816921811|03|2032|618
2340743816923445|03|2032|618
2340743816926034|03|2032|618
2340743816920623|03|2032|618
2340743816921316|03|2032|618
2340743816926554|03|2032|618
2340743816920144|03|2032|618
2340743816923502|03|2032|618
2340743816928303|03|2032|618
2340743816926083|03|2032|618
2340743816921654|03|2032|618
2340743816921548|03|2032|618
2340743816923676|03|2032|618
2340743816921563|03|2032|618
2340743816926331|03|2032|618
2340743816928600|03|2032|618
2340743816928501|03|2032|618
2340743816926612|03|2032|618
2340743816928147|03|2032|618
2340743816928014|03|2032|618
2340743816920052|03|2032|618
2340743816925135|03|2032|618
2340743816921878|03|2032|618
2340743816922421|03|2032|618
2340743816922843|03|2032|618
2340743816924450|03|2032|618
2340743816927073|03|2032|618
2340743816928410|03|2032|618
2340743816928477|03|2032|618
2340743816922785|03|2032|618
2340743816920375|03|2032|618
2340743816921506|03|2032|618
2340743816924708|03|2032|618
2340743816921522|03|2032|618
2340743816923478|03|2032|618
2340743816927750|03|2032|618
2340743816923106|03|2032|618
2340743816922678|03|2032|618
2340743816927438|03|2032|618
2340743816923247|03|2032|618
2340743816922785|03|2032|618
2340743816923163|03|2032|618
2340743816927800|03|2032|618
2340743816926125|03|2032|618
2340743816924237|03|2032|618
2340743816924302|03|2032|618
2340743816923841|03|2032|618
2340743816921852|03|2032|618
2340743816922470|03|2032|618
2340743816923262|03|2032|618
2340743816928865|03|2032|618
2340743816920284|03|2032|618
2340743816923551|03|2032|618
2340743816922355|03|2032|618
2340743816920631|03|2032|618
2340743816924062|03|2032|618
2340743816922132|03|2032|618
2340743816925820|03|2032|618
2340743816928857|03|2032|618
2340743816921738|03|2032|618
2340743816926257|03|2032|618
2340743816922181|03|2032|618
2340743816922652|03|2032|618
2340743816925085|03|2032|618
2340743816927214|03|2032|618
2340743816928337|03|2032|618
2340743816920771|03|2032|618
2340743816928675|03|2032|618
2340743816926323|03|2032|618
2340743816925143|03|2032|618
2340743816925002|03|2032|618
2340743816928634|03|2032|618
2340743816928253|03|2032|618
2340743816925234|03|2032|618
2340743816924781|03|2032|618
2340743816927248|03|2032|618
2340743816922835|03|2032|618
2340743816926703|03|2032|618
2340743816922421|03|2032|618
2340743816923486|03|2032|618
2340743816926562|03|2032|618
2340743816927800|03|2032|618
2340743816924575|03|2032|618
2340743816925564|03|2032|618
2340743816928683|03|2032|618
2340743816923643|03|2032|618
2340743816923205|03|2032|618
2340743816928550|03|2032|618
2340743816920524|03|2032|618
2340743816927040|03|2032|618
2340743816923338|03|2032|618
2340743816927065|03|2032|618
2340743816928725|03|2032|618
2340743816928824|03|2032|618
2340743816924500|03|2032|618
2340743816927255|03|2032|618
2340743816922140|03|2032|618
2340743816927255|03|2032|618
2340743816924070|03|2032|618
2340743816927206|03|2032|618
2340743816927081|03|2032|618
2340743816923726|03|2032|618
2340743816920235|03|2032|618
2340743816925812|03|2032|618
2340743816922546|03|2032|618
2340743816924542|03|2032|618
2340743816927032|03|2032|618
2340743816921662|03|2032|618
2340743816928337|03|2032|618
2340743816927420|03|2032|618
2340743816926182|03|2032|618
2340743816925457|03|2032|618
2340743816928238|03|2032|618
2340743816924138|03|2032|618
2340743816927214|03|2032|618
2340743816921555|03|2032|618
2340743816923213|03|2032|618
2340743816921670|03|2032|618
2340743816926273|03|2032|618
2340743816921472|03|2032|618
2340743816925275|03|2032|618
2340743816925812|03|2032|618
2340743816924443|03|2032|618
2340743816925416|03|2032|618
2340743816921118|03|2032|618
2340743816928105|03|2032|618
2340743816924484|03|2032|618
2340743816927057|03|2032|618
2340743816920862|03|2032|618
2340743816926877|03|2032|618
2340743816920847|03|2032|618
2340743816921266|03|2032|618
2340743816925085|03|2032|618
2340743816925515|03|2032|618
2340743816925382|03|2032|618
2340743816926265|03|2032|618
2340743816921860|03|2032|618
2340743816928840|03|2032|618
2340743816921217|03|2032|618
2340743816920102|03|2032|618
2340743816920755|03|2032|618
2340743816927032|03|2032|618
2340743816920037|03|2032|618
2340743816928873|03|2032|618
2340743816928022|03|2032|618
2340743816925150|03|2032|618
2340743816926778|03|2032|618
2340743816923650|03|2032|618
2340743816923072|03|2032|618
2340743816924724|03|2032|618
2340743816926604|03|2032|618
2340743816928378|03|2032|618
2340743816924005|03|2032|618
2340743816923361|03|2032|618
2340743816922538|03|2032|618
2340743816920771|03|2032|618
2340743816926786|03|2032|618
2340743816925424|03|2032|618
2340743816921472|03|2032|618
2340743816928832|03|2032|618
2340743816927867|03|2032|618
2340743816925143|03|2032|618
2340743816921415|03|2032|618
2340743816924054|03|2032|618
2340743816927651|03|2032|618
2340743816921837|03|2032|618
2340743816922553|03|2032|618
2340743816927131|03|2032|618
2340743816924054|03|2032|618
2340743816923502|03|2032|618
2340743816924740|03|2032|618
2340743816921233|03|2032|618
2340743816925713|03|2032|618
2340743816921662|03|2032|618
2340743816926240|03|2032|618
2340743816928758|03|2032|618
2340743816922363|03|2032|618
2340743816925457|03|2032|618
2340743816920326|03|2032|618
2340743816920581|03|2032|618
2340743816922512|03|2032|618
2340743816920201|03|2032|618
2340743816920813|03|2032|618
2340743816928238|03|2032|618
2340743816926745|03|2032|618
2340743816926752|03|2032|618
2340743816922744|03|2032|618
2340743816924542|03|2032|618
2340743816926703|03|2032|618
2340743816922157|03|2032|618
2340743816920672|03|2032|618
2340743816924104|03|2032|618
2340743816927461|03|2032|618
2340743816921712|03|2032|618
2340743816923700|03|2032|618
2340743816928386|03|2032|618
2340743816920623|03|2032|618
2340743816925234|03|2032|618
2340743816926174|03|2032|618
2340743816920342|03|2032|618
2340743816920037|03|2032|618
2340743816923064|03|2032|618
2340743816921605|03|2032|618
2340743816923684|03|2032|618
2340743816924484|03|2032|618
2340743816928725|03|2032|618
2340743816923775|03|2032|618
2340743816922157|03|2032|618
2340743816928378|03|2032|618
2340743816921662|03|2032|618
2340743816925200|03|2032|618
2340743816924542|03|2032|618
2340743816923122|03|2032|618
2340743816926323|03|2032|618
2340743816923502|03|2032|618
2340743816924054|03|2032|618
2340743816926778|03|2032|618
2340743816922876|03|2032|618
2340743816927024|03|2032|618
2340743816927321|03|2032|618
2340743816924716|03|2032|618
2340743816928857|03|2032|618
2340743816924021|03|2032|618
2340743816926562|03|2032|618
2340743816920763|03|2032|618
2340743816923833|03|2032|618
2340743816927263|03|2032|618
2340743816921852|03|2032|618
2340743816921118|03|2032|618
2340743816923684|03|2032|618
2340743816921407|03|2032|618
2340743816928733|03|2032|618
2340743816923460|03|2032|618
2340743816927552|03|2032|618
2340743816923536|03|2032|618
2340743816923601|03|2032|618
2340743816921084|03|2032|618
2340743816923031|03|2032|618
2340743816921134|03|2032|618
2340743816927776|03|2032|618
2340743816920235|03|2032|618
2340743816928105|03|2032|618
2340743816922017|03|2032|618
2340743816923700|03|2032|618
2340743816924260|03|2032|618
2340743816924856|03|2032|618
2340743816924385|03|2032|618
2340743816923478|03|2032|618
2340743816921043|03|2032|618
2340743816927883|03|2032|618
2340743816923544|03|2032|618
2340743816920474|03|2032|618
2340743816923460|03|2032|618
2340743816928030|03|2032|618
2340743816921522|03|2032|618
2340743816926570|03|2032|618
2340743816920052|03|2032|618
2340743816924054|03|2032|618
2340743816928857|03|2032|618
2340743816921241|03|2032|618
2340743816920557|03|2032|618
2340743816928451|03|2032|618
2340743816927123|03|2032|618
2340743816928766|03|2032|618
2340743816923502|03|2032|618
2340743816925036|03|2032|618
2340743816927834|03|2032|618
2340743816924658|03|2032|618
2340743816926844|03|2032|618
2340743816920680|03|2032|618
2340743816921076|03|2032|618
2340743816922504|03|2032|618
2340743816927784|03|2032|618
2340743816926315|03|2032|618
2340743816928006|03|2032|618
2340743816925770|03|2032|618
2340743816925457|03|2032|618
2340743816928758|03|2032|618
2340743816928683|03|2032|618
2340743816921746|03|2032|618
2340743816925051|03|2032|618
2340743816921381|03|2032|618
2340743816921381|03|2032|618
2340743816922744|03|2032|618
2340743816924211|03|2032|618
2340743816923437|03|2032|618
2340743816926125|03|2032|618
2340743816926380|03|2032|618
2340743816923387|03|2032|618
2340743816926638|03|2032|618
2340743816920003|03|2032|618
2340743816923635|03|2032|618
2340743816921837|03|2032|618
2340743816926828|03|2032|618
2340743816927412|03|2032|618
2340743816920656|03|2032|618
2340743816922744|03|2032|618
2340743816921845|03|2032|618
2340743816922512|03|2032|618
2340743816923155|03|2032|618
2340743816920425|03|2032|618
2340743816927784|03|2032|618
2340743816921118|03|2032|618
2340743816920052|03|2032|618
2340743816920516|03|2032|618
2340743816927388|03|2032|618
2340743816926554|03|2032|618
2340743816926828|03|2032|618
2340743816927545|03|2032|618
2340743816928006|03|2032|618
2340743816922405|03|2032|618
2340743816925630|03|2032|618
2340743816927735|03|2032|618
2340743816920672|03|2032|618
2340743816928626|03|2032|618
2340743816925226|03|2032|618
2340743816921555|03|2032|618
2340743816925788|03|2032|618
2340743816922447|03|2032|618
2340743816926265|03|2032|618
2340743816922041|03|2032|618
2340743816920730|03|2032|618
2340743816928626|03|2032|618
2340743816924633|03|2032|618
2340743816921480|03|2032|618
2340743816921332|03|2032|618
2340743816922256|03|2032|618
2340743816924724|03|2032|618
2340743816923783|03|2032|618
2340743816927321|03|2032|618
2340743816928881|03|2032|618
2340743816921340|03|2032|618
2340743816927180|03|2032|618
2340743816921258|03|2032|618
2340743816924203|03|2032|618
2340743816927032|03|2032|618
2340743816923213|03|2032|618
2340743816922058|03|2032|618
2340743816928766|03|2032|618
2340743816928600|03|2032|618
2340743816925432|03|2032|618
2340743816927586|03|2032|618
2340743816925002|03|2032|618
2340743816921613|03|2032|618
2340743816922736|03|2032|618
2340743816926737|03|2032|618
2340743816921878|03|2032|618
2340743816922520|03|2032|618
2340743816926646|03|2032|618
2340743816926323|03|2032|618
2340743816928303|03|2032|618
2340743816925630|03|2032|618
2340743816927735|03|2032|618
2340743816925747|03|2032|618
2340743816921258|03|2032|618
2340743816927651|03|2032|618
2340743816928618|03|2032|618
2340743816928402|03|2032|618
2340743816928584|03|2032|618
2340743816924351|03|2032|618
2340743816924526|03|2032|618
2340743816926273|03|2032|618
2340743816926240|03|2032|618
2340743816920862|03|2032|618
2340743816925432|03|2032|618
2340743816921563|03|2032|618
2340743816921860|03|2032|618
2340743816921068|03|2032|618
2340743816924013|03|2032|618
2340743816922215|03|2032|618
2340743816920565|03|2032|618
2340743816920508|03|2032|618
2340743816922058|03|2032|618
2340743816926182|03|2032|618
2340743816926315|03|2032|618
2340743816920318|03|2032|618
2340743816920771|03|2032|618
2340743816927164|03|2032|618
2340743816922371|03|2032|618
2340743816925531|03|2032|618
2340743816927073|03|2032|618
2340743816926422|03|2032|618
2340743816922322|03|2032|618
2340743816923361|03|2032|618
2340743816927206|03|2032|618
2340743816924260|03|2032|618
2340743816924864|03|2032|618
2340743816927065|03|2032|618
2340743816927560|03|2032|618
2340743816928147|03|2032|618
2340743816924518|03|2032|618
2340743816928725|03|2032|618
2340743816923221|03|2032|618
2340743816926562|03|2032|618
2340743816920375|03|2032|618
2340743816926208|03|2032|618
2340743816927370|03|2032|618
2340743816923643|03|2032|618
2340743816928204|03|2032|618
2340743816924575|03|2032|618
2340743816926554|03|2032|618
2340743816921787|03|2032|618
2340743816922678|03|2032|618
2340743816927685|03|2032|618
2340743816924336|03|2032|618
2340743816926745|03|2032|618
2340743816923817|03|2032|618
2340743816928022|03|2032|618
2340743816925812|03|2032|618
2340743816927313|03|2032|618
2340743816925507|03|2032|618
2340743816925572|03|2032|618
2340743816924534|03|2032|618
2340743816923320|03|2032|618
2340743816926083|03|2032|618
2340743816925374|03|2032|618
2340743816921761|03|2032|618
2340743816920763|03|2032|618
2340743816927545|03|2032|618
2340743816926034|03|2032|618
2340743816923726|03|2032|618
2340743816922108|03|2032|618
2340743816923866|03|2032|618
2340743816928071|03|2032|618
2340743816924278|03|2032|618
2340743816924807|03|2032|618
2340743816922504|03|2032|618
2340743816923262|03|2032|618
2340743816925820|03|2032|618
2340743816927610|03|2032|618
2340743816928576|03|2032|618
2340743816924021|03|2032|618
2340743816925887|03|2032|618
2340743816927370|03|2032|618
2340743816926356|03|2032|618
2340743816920813|03|2032|618
2340743816926380|03|2032|618
2340743816927784|03|2032|618
2340743816920417|03|2032|618
2340743816927602|03|2032|618
2340743816922132|03|2032|618
2340743816923171|03|2032|618
2340743816924617|03|2032|618
2340743816925812|03|2032|618
2340743816921811|03|2032|618
2340743816925028|03|2032|618
2340743816920854|03|2032|618
2340743816923460|03|2032|618
2340743816928170|03|2032|618
2340743816928675|03|2032|618
2340743816928477|03|2032|618
2340743816923536|03|2032|618
2340743816923247|03|2032|618
2340743816925606|03|2032|618
2340743816927503|03|2032|618
2340743816925127|03|2032|618
2340743816924765|03|2032|618
2340743816928170|03|2032|618
2340743816926562|03|2032|618
2340743816927701|03|2032|618
2340743816920037|03|2032|618
2340743816927156|03|2032|618
2340743816928667|03|2032|618
2340743816920508|03|2032|618
2340743816923437|03|2032|618
2340743816925242|03|2032|618
2340743816926331|03|2032|618
2340743816923833|03|2032|618
2340743816920870|03|2032|618
2340743816920425|03|2032|618
2340743816926745|03|2032|618
2340743816921506|03|2032|618
2340743816926505|03|2032|618
2340743816921803|03|2032|618
2340743816922074|03|2032|618
2340743816922405|03|2032|618
2340743816923122|03|2032|618
2340743816927131|03|2032|618
2340743816922330|03|2032|618
2340743816922223|03|2032|618
2340743816921035|03|2032|618
2340743816924245|03|2032|618
2340743816926075|03|2032|618
2340743816925457|03|2032|618
2340743816926836|03|2032|618
2340743816924245|03|2032|618
2340743816928576|03|2032|618
2340743816926851|03|2032|618
2340743816921753|03|2032|618
2340743816921613|03|2032|618
2340743816927453|03|2032|618
2340743816923130|03|2032|618
2340743816925044|03|2032|618
2340743816926786|03|2032|618
2340743816926737|03|2032|618
2340743816928261|03|2032|618
2340743816924526|03|2032|618
2340743816923387|03|2032|618
2340743816928717|03|2032|618
2340743816928360|03|2032|618
2340743816926786|03|2032|618
2340743816927768|03|2032|618
2340743816928436|03|2032|618
2340743816920268|03|2032|618
2340743816924187|03|2032|618
2340743816923650|03|2032|618
2340743816925044|03|2032|618
2340743816925077|03|2032|618
2340743816927610|03|2032|618
2340743816923205|03|2032|618
2340743816924732|03|2032|618
2340743816924138|03|2032|618
2340743816922827|03|2032|618
2340743816924583|03|2032|618
2340743816923056|03|2032|618
2340743816921514|03|2032|618
2340743816920516|03|2032|618
2340743816921175|03|2032|618
2340743816921381|03|2032|618
2340743816927156|03|2032|618
2340743816920540|03|2032|618
2340743816928675|03|2032|618
2340743816922462|03|2032|618
2340743816923478|03|2032|618
2340743816924641|03|2032|618
2340743816921878|03|2032|618
2340743816921506|03|2032|618
2340743816925242|03|2032|618
2340743816927263|03|2032|618
2340743816925267|03|2032|618
2340743816925374|03|2032|618
2340743816925382|03|2032|618
2340743816927248|03|2032|618
2340743816921647|03|2032|618
2340743816923130|03|2032|618
2340743816921688|03|2032|618
2340743816925325|03|2032|618
2340743816920318|03|2032|618
2340743816927131|03|2032|618
2340743816921431|03|2032|618
2340743816927636|03|2032|618
2340743816923676|03|2032|618
2340743816927636|03|2032|618
2340743816928311|03|2032|618
2340743816920433|03|2032|618
2340743816922587|03|2032|618
2340743816928808|03|2032|618
2340743816922561|03|2032|618
2340743816921563|03|2032|618
2340743816926877|03|2032|618
2340743816927347|03|2032|618
2340743816925283|03|2032|618
2340743816925556|03|2032|618
2340743816926711|03|2032|618
2340743816924617|03|2032|618
2340743816927388|03|2032|618
2340743816922215|03|2032|618
2340743816920656|03|2032|618
2340743816920847|03|2032|618
2340743816921274|03|2032|618
2340743816927248|03|2032|618
2340743816927008|03|2032|618
2340743816926786|03|2032|618
2340743816925416|03|2032|618
2340743816926570|03|2032|618
2340743816926182|03|2032|618
2340743816920706|03|2032|618
2340743816928857|03|2032|618
2340743816928543|03|2032|618
2340743816922421|03|2032|618
2340743816925812|03|2032|618
2340743816926406|03|2032|618
2340743816928410|03|2032|618
2340743816922835|03|2032|618
2340743816926380|03|2032|618
2340743816923072|03|2032|618
2340743816920078|03|2032|618
2340743816922504|03|2032|618
2340743816927263|03|2032|618
2340743816923817|03|2032|618
2340743816922462|03|2032|618
2340743816923874|03|2032|618
2340743816921183|03|2032|618
2340743816922033|03|2032|618
2340743816925408|03|2032|618
2340743816928022|03|2032|618
2340743816923700|03|2032|618
2340743816923411|03|2032|618
2340743816925663|03|2032|618
2340743816920532|03|2032|618
2340743816921613|03|2032|618
2340743816920417|03|2032|618
2340743816928642|03|2032|618
2340743816925242|03|2032|618
2340743816928451|03|2032|618
2340743816925556|03|2032|618
2340743816924401|03|2032|618
2340743816920532|03|2032|618
2340743816924286|03|2032|618
2340743816922561|03|2032|618
2340743816924112|03|2032|618
2340743816924237|03|2032|618
2340743816923882|03|2032|618
2340743816920011|03|2032|618
2340743816925218|03|2032|618
2340743816927073|03|2032|618
2340743816924450|03|2032|618
2340743816927255|03|2032|618
2340743816922710|03|2032|618
2340743816923056|03|2032|618
2340743816925036|03|2032|618
2340743816921548|03|2032|618
2340743816924518|03|2032|618
2340743816926612|03|2032|618
2340743816923676|03|2032|618
2340743816923775|03|2032|618
2340743816928485|03|2032|618
2340743816926851|03|2032|618
2340743816927701|03|2032|618
2340743816926844|03|2032|618
2340743816926638|03|2032|618
2340743816924187|03|2032|618
2340743816922710|03|2032|618
2340743816928626|03|2032|618
2340743816921464|03|2032|618
2340743816928758|03|2032|618
2340743816926141|03|2032|618
2340743816920003|03|2032|618
2340743816926604|03|2032|618
2340743816927818|03|2032|618
2340743816927388|03|2032|618
2340743816927057|03|2032|618
2340743816924658|03|2032|618
2340743816923650|03|2032|618
2340743816921464|03|2032|618
2340743816924435|03|2032|618
2340743816924484|03|2032|618
2340743816922454|03|2032|618
2340743816920003|03|2032|618
2340743816923221|03|2032|618
2340743816926810|03|2032|618
2340743816923726|03|2032|618
2340743816925747|03|2032|618
2340743816928436|03|2032|618
2340743816928733|03|2032|618
2340743816924450|03|2032|618
2340743816928857|03|2032|618
2340743816920128|03|2032|618
2340743816920235|03|2032|618
2340743816927180|03|2032|618
2340743816921654|03|2032|618
2340743816924146|03|2032|618
2340743816928014|03|2032|618
2340743816922157|03|2032|618
2340743816922884|03|2032|618
2340743816926414|03|2032|618
2340743816922264|03|2032|618
2340743816928501|03|2032|618
2340743816928816|03|2032|618
2340743816922363|03|2032|618
2340743816923817|03|2032|618
2340743816920037|03|2032|618
2340743816925226|03|2032|618
2340743816921712|03|2032|618
2340743816923536|03|2032|618
2340743816921811|03|2032|618
2340743816924542|03|2032|618
2340743816923783|03|2032|618
2340743816920417|03|2032|618
2340743816921878|03|2032|618
2340743816925226|03|2032|618
2340743816922546|03|2032|618
2340743816921415|03|2032|618
2340743816926703|03|2032|618
2340743816921258|03|2032|618
2340743816920045|03|2032|618
2340743816923528|03|2032|618
2340743816924823|03|2032|618
2340743816921118|03|2032|618
2340743816926414|03|2032|618
2340743816924567|03|2032|618
2340743816922546|03|2032|618
2340743816923080|03|2032|618
2340743816920201|03|2032|618
2340743816925770|03|2032|618
2340743816926232|03|2032|618
2340743816922413|03|2032|618
2340743816926307|03|2032|618
2340743816922215|03|2032|618
2340743816920631|03|2032|618
2340743816923734|03|2032|618
2340743816925077|03|2032|618
2340743816924260|03|2032|618
2340743816921514|03|2032|618
2340743816925747|03|2032|618
2340743816925655|03|2032|618
2340743816921142|03|2032|618
2340743816922025|03|2032|618
2340743816922843|03|2032|618
2340743816928253|03|2032|618
2340743816923650|03|2032|618
2340743816924286|03|2032|618
2340743816925515|03|2032|618
2340743816923700|03|2032|618
2340743816927750|03|2032|618
2340743816924872|03|2032|618
2340743816925762|03|2032|618
2340743816925036|03|2032|618
2340743816921381|03|2032|618
2340743816926505|03|2032|618
2340743816924583|03|2032|618
2340743816926273|03|2032|618
2340743816922306|03|2032|618
2340743816920565|03|2032|618
2340743816923528|03|2032|618
2340743816922728|03|2032|618
2340743816925507|03|2032|618
2340743816924252|03|2032|618
2340743816922777|03|2032|618
2340743816924237|03|2032|618
2340743816926273|03|2032|618
2340743816920573|03|2032|618
2340743816928188|03|2032|618
2340743816921704|03|2032|618
2340743816927537|03|2032|618
2340743816920342|03|2032|618
2340743816927636|03|2032|618
2340743816922355|03|2032|618
2340743816926844|03|2032|618
2340743816925473|03|2032|618
2340743816926323|03|2032|618
2340743816922421|03|2032|618
2340743816923833|03|2032|618
2340743816927313|03|2032|618
2340743816922652|03|2032|618
2340743816926778|03|2032|618
2340743816920383|03|2032|618
2340743816928444|03|2032|618
2340743816923346|03|2032|618
2340743816922876|03|2032|618
2340743816925606|03|2032|618
2340743816927065|03|2032|618
2340743816925143|03|2032|618
2340743816928386|03|2032|618
2340743816920854|03|2032|618
2340743816921233|03|2032|618
2340743816923734|03|2032|618
2340743816925804|03|2032|618
2340743816923726|03|2032|618
2340743816928717|03|2032|618
2340743816925150|03|2032|618
2340743816927677|03|2032|618
2340743816923882|03|2032|618
2340743816922843|03|2032|618
2340743816920144|03|2032|618
2340743816920052|03|2032|618
2340743816920631|03|2032|618
2340743816924146|03|2032|618
2340743816923031|03|2032|618
2340743816923551|03|2032|618
2340743816926711|03|2032|618
2340743816926455|03|2032|618
2340743816922041|03|2032|618
2340743816920516|03|2032|618
2340743816921423|03|2032|618
2340743816923122|03|2032|618
2340743816922041|03|2032|618
2340743816924203|03|2032|618
2340743816923858|03|2032|618
2340743816922157|03|2032|618
2340743816920714|03|2032|618
2340743816921324|03|2032|618
2340743816924815|03|2032|618
2340743816921837|03|2032|618
2340743816923155|03|2032|618
2340743816922645|03|2032|618
2340743816926711|03|2032|618
2340743816928170|03|2032|618
2340743816920755|03|2032|618
2340743816924245|03|2032|618
2340743816921050|03|2032|618
2340743816926034|03|2032|618
2340743816923387|03|2032|618
2340743816923668|03|2032|618
2340743816928550|03|2032|618
2340743816921043|03|2032|618
2340743816925614|03|2032|618
2340743816927628|03|2032|618
2340743816922017|03|2032|618
2340743816920318|03|2032|618
2340743816922728|03|2032|618
2340743816926620|03|2032|618
2340743816920110|03|2032|618
2340743816928188|03|2032|618
2340743816921126|03|2032|618
2340743816927107|03|2032|618
2340743816924575|03|2032|618
